0.jpg (44,49) (209,184) 
1.jpg (45,38) (211,180) 
10.jpg (61,40) (223,178) 
100.jpg (56,25) (225,176) 
101.jpg (53,43) (192,168) 
104.jpg (64,43) (223,185) 
105.jpg (50,48) (193,177) 
106.jpg (84,31) (219,169) 
107.jpg (48,42) (215,175) 
108.jpg (55,39) (223,174) 
11.jpg (45,41) (222,175) 
12.jpg (63,43) (224,171) 
13.jpg (41,41) (216,172) 
14.jpg (27,17) (254,194) 
15.jpg (65,18) (218,154) 
16.jpg (43,25) (196,157) 
17.jpg (36,19) (186,155) 
18.jpg (73,21) (221,155) 
19.jpg (56,25) (206,154) 
2.jpg (37,47) (215,184) 
20.jpg (40,21) (188,159) 
21.jpg (51,23) (201,154) 
22.jpg (32,16) (183,158) 
23.jpg (58,22) (205,154) 
24.jpg (51,26) (207,153) 
25.jpg (48,20) (195,157) 
26.jpg (67,23) (217,152) 
27.jpg (39,20) (205,154) 
28.jpg (43,25) (203,163) 
29.jpg (35,21) (188,157) 
3.jpg (42,35) (214,181) 
30.jpg (70,29) (217,153) 
31.jpg (89,48) (235,175) 
32.jpg (92,46) (232,178) 
33.jpg (96,43) (252,171) 
34.jpg (61,37) (177,168) 
35.jpg (89,42) (249,174) 
36.jpg (50,37) (176,170) 
37.jpg (80,46) (238,175) 
38.jpg (89,46) (207,162) 
39.jpg (60,54) (207,160) 
4.jpg (74,37) (200,147) 
40.jpg (25,19) (222,181) 
41.jpg (21,21) (209,171) 
42.jpg (70,47) (218,158) 
43.jpg (43,24) (233,186) 
44.jpg (54,29) (219,178) 
45.jpg (47,25) (220,175) 
46.jpg (43,24) (216,184) 
47.jpg (52,31) (200,171) 
48.jpg (50,38) (203,173) 
49.jpg (21,34) (238,191) 
5.jpg (70,40) (199,145) 
50.jpg (59,33) (225,172) 
51.jpg (70,22) (168,139) 
52.jpg (40,25) (209,168) 
53.jpg (60,41) (231,189) 
54.jpg (53,49) (194,191) 
55.jpg (33,40) (178,189) 
56.jpg (31,33) (175,186) 
57.jpg (62,35) (220,165) 
58.jpg (70,39) (218,168) 
59.jpg (36,26) (230,191) 
6.jpg (38,22) (176,167) 
60.jpg (41,37) (216,192) 
61.jpg (36,31) (234,194) 
62.jpg (73,41) (198,172) 
63.jpg (65,44) (192,169) 
64.jpg (64,34) (220,168) 
65.jpg (85,41) (220,159) 
66.jpg (55,37) (226,172) 
67.jpg (81,35) (215,160) 
68.jpg (74,35) (213,163) 
69.jpg (63,39) (220,169) 
7.jpg (20,15) (257,195) 
70.jpg (69,34) (200,162) 
71.jpg (52,38) (219,171) 
72.jpg (61,39) (228,169) 
73.jpg (60,26) (176,143) 
74.jpg (51,37) (213,188) 
75.jpg (17,21) (138,148) 
76.jpg (30,31) (212,184) 
77.jpg (46,38) (216,181) 
78.jpg (65,42) (219,177) 
79.jpg (35,35) (219,187) 
8.jpg (58,33) (225,166) 
80.jpg (53,38) (211,169) 
81.jpg (50,27) (228,193) 
82.jpg (47,38) (206,180) 
83.jpg (43,39) (222,186) 
84.jpg (61,42) (223,183) 
85.jpg (33,39) (212,187) 
86.jpg (36,29) (219,190) 
87.jpg (10,25) (161,175) 
88.jpg (57,41) (195,171) 
89.jpg (44,62) (188,196) 
9.jpg (73,37) (216,166) 
90.jpg (55,42) (194,168) 
91.jpg (43,39) (194,172) 
92.jpg (51,44) (187,166) 
93.jpg (34,35) (195,176) 
94.jpg (68,38) (219,153) 
95.jpg (17,26) (146,166) 
96.jpg (39,33) (231,195) 
97.jpg (65,27) (216,170) 
98.jpg (55,26) (226,177) 
99.jpg (27,14) (145,137) 
